56,57
56,56
56,55
56,54
56,53
56,52
56,51
56,50
56,49
56,48
56,47
56,46
56,45
56,44
56,43
56,42
56,41
56,40
56,39
56,38
56,37
56,36
56,35
3,2
3,1
3,3
10,229
10,292
10,250
10,228
10,275
10,300
10,33
10,1
10,99
10,2
10,3
11,11
11,16
11,29
11,19
11,24
11,4
11,1
11,13
11,2
11,3
9,7
9,1
9,5
9,2
9,3
8,11
8,4
8,6
8,13
8,10
8,1
8,12
8,2
8,3
12,2
12,1
12,3
20,2
20,1
20,3
19,2
19,1
19,3
54,3
54,2
18,1
54,1
18,3
54,0
53,3
53,2
53,1
53,0
52,3
52,2
52,1
52,0
51,3
51,2
14,1
14,3
51,1
13,1
13,3
51,0
50,7
50,6
50,5
50,4
50,3
50,2
50,1
50,0
49,3
49,2
49,1
49,0
48,3
48,2
48,1
48,0
47,3
47,2
47,1
47,0
46,3
46,2
46,1
